0.474053059869136 0.429026397677572 -1
-0.110059055323335 0.519610148319966 -1
0.215474485226115 0.293616614433914 -1
-0.0944773296018465 0.213516766976152 -1
0.555540489803778 0.146206250150536 -1
0.253386471296499 0.180604898264479 -1
0.255107954690097 0.039499644463457 -1
-0.0543859591710973 0.505972699408502 -1
0.0475988295446499 0.02158478932573 -1
0.289938940161346 0.0156844344847443 -1
0.396214254731054 0.222184324281887 -1
-0.0605831908528294 0.382865255832214 -1
0.342012331118289 0.289574064867853 -1
0.0913831404553269 0.0901792238416124 -1
-0.0420073650851836 0.489652761152778 -1
0.109222484358982 0.411464505119967 -1
-0.162266450912005 0.0576923704343479 -1
0.742408647337244 0.0183045321806069 -1
0.175203129966432 0.285959033622083 -1
0.285080802704256 0.218110970509076 -1
0.0967717128425209 0.000987946716031904 -1
0.0869525133464784 0.310498167097682 -1
0.0639096662319923 0.0104205081922073 -1
0.365688603797166 0.185558108631671 -1
-0.212790619774503 0.101101639563602 -1
-0.0533986687369611 0.461203122066502 -1
0.297385183226982 0.326067629024034 1
0.593417383583439 0.676101316323697 1
0.32228891403696 0.708645430907496 1
0.39029217452813 0.453505043933078 1
0.401345478748603 0.445270514391512 1
0.564999371935479 0.328314978967409 1
0.487865853960528 0.611729325159706 1
0.309019040636524 0.512321684246503 1
0.424281488269869 0.765322320935972 1
0.483418097497 0.415318235868457 1
0.436792647534699 0.239938266114117 1
0.350158057106069 0.39640798701012 1
0.10931941208172 0.758125388971275 1
0.659925474905029 0.582591017587653 1
0.438734350253616 0.216543498336822 1
0.415516679619035 0.446155542122239 1
0.534749998923361 0.7213504590175 1
0.50584344461021 0.239745455956869 1
0.465238032404291 0.224512082710588 1
0.547302503511568 0.406720406851411 1
0.513661459733969 0.700621803068126 -1
0.950579000808883 0.857282497063078 -1
0.872313901352806 0.764139533039848 -1
0.871414009673525 0.927015530453022 -1
0.885538544959879 0.762253159069985 -1
0.893339535783591 0.821884264632433 -1
0.894458140753626 0.606663716898014 -1
0.737880239458497 0.657237086306939 -1
0.834967796722133 0.936670837945161 -1
0.944817230420845 0.878129874853218 -1
0.751282331201385 0.827720711597607 -1
0.654325587810087 0.745216595372426 -1
0.740615849235592 0.958704607652226 -1
0.970919202282967 0.674499794925341 -1
0.774874470118275 0.696184091309698 -1
0.7212830778034 0.718930176796983 -1
0.934482339539159 0.67554450390562 -1
0.945785909497787 0.761809623629222 -1
0.666868220048821 0.95742577705353 -1
0.796193127329174 0.989879171835439 -1
0.851028355195827 0.677413918500315 -1
0.956470289703942 0.781824225207592 -1
0.847914278472575 0.871713012709808 -1
0.984807991558917 0.796079690411526 -1
0.830731816630464 0.741409503820725 -1
0.710868831446427 0.712354523641176 -1
