0.223072855733335 0.274740961845964 -1
0.331896589370444 0.147656962275505 -1
0.71072455169633 0.801410323008895 1
0.819448956055567 0.386409824481234 1
0.423720560967922 0.820450694067404 1
0.963544549420476 0.684937274083495 1
0.978130409261212 0.883389266207814 1
0.84052187949419 0.111920776078478 -1
0.996611237060279 0.778834006981924 1
0.865959034767002 0.621010915609077 1
0.701421698089689 0.274151464458555 -1
0.390473062638193 0.301469650119543 -1
0.31476970249787 0.349043807946146 -1
0.139278504764661 0.809503931552172 -1
0.518120574299246 0.274482146138325 -1
0.593550828285515 0.939094888744876 1
0.942461697151884 0.902267053490505 1
0.628019635565579 0.177053086692467 -1
