0.821548021165654 0.265231041703373 1
0.245341200381517 0.802573052467778 1
0.376602652715519 0.189534886274487 -1
0.84722164273262 0.453490952495486 1
0.746115276124328 0.380064629251137 -1
0.588244882179424 0.462605336215347 1
0.127777321031317 0.442084477981552 -1
0.394825171912089 0.775657444261014 -1
0.734342199517414 0.672052978305146 1
0.661243256181479 0.516533486545086 1
0.220310644013807 0.838560043601319 -1
0.274206446949393 0.438933421391994 -1
0.526686575496569 0.606182185001671 -1
0.987140846205875 0.688991139410064 1
0.0473070873413235 0.508789832238108 -1
0.737984482664615 0.506638281978667 1
0.189867567503825 0.383433078415692 -1
0.183283210732043 0.854780301218852 -1
0.631160897668451 0.384842856554314 -1
0.0341417898889631 0.874136534519494 -1
0.561994420364499 0.866995531134307 1
0.825035831891 0.862375387456268 1
0.568533956306055 0.246320908656344 -1
0.594847649801522 0.429987104842439 -1
0.710337904049084 0.168712952872738 -1
0.800052247243002 0.634338067611679 1
0.469764889217913 0.5544259455055 1
0.83356022532098 0.474823770578951 1
0.819249535445124 0.901026964653283 1
0.959499416407198 0.626782298088074 1
0.0285258139483631 0.691304745851085 -1
0.867700003320351 0.638985723257065 1
0.115055344067514 0.468052172334865 -1
0.210251197451726 0.787216150201857 -1
0.304551190696657 0.0207494571805 -1
0.691758861765265 0.157878233119845 -1
0.71641299710609 0.964516442036256 1
0.615181101020426 0.954212286509573 1
0.571694838581607 0.338085782947019 -1
0.552949877688661 0.452547764172778 1
0.885824137367308 0.0768931407947093 -1
0.349191429326311 0.568358743563294 -1
0.40316599374637 0.370920785237104 -1
0.676775942090899 0.388567891903222 1
0.502422290854156 0.145861330907792 -1
0.927410163218156 0.570155054097995 1
0.890954375034198 0.0362889263778925 -1
0.874319892376661 0.243783908896148 -1
0.387432882096618 0.130313020665199 -1
0.692669112700969 0.949284340254962 1
0.241224569501355 0.55402363021858 -1
0.292549543082714 0.256539921043441 -1
0.876237121876329 0.408041543792933 1
0.195670441957191 0.398436721879989 -1
0.882399825146422 0.334232063032687 1
0.0809001938905567 0.0502350733149797 -1
0.621774612460285 0.643498811172321 1
0.0186935642268509 0.996050321962684 1
0.901616194751114 0.0030911227222532 -1
0.984199133934453 0.870629273587838 1
0.732365793548524 0.0839931883383542 -1
0.332303675357252 0.72171945986338 -1
0.0225553929340094 0.671656314749271 -1
0.177190050017089 0.561286293203011 -1
0.841869905823842 0.469193893950433 1
0.904130229726434 0.653573630610481 1
0.532546622212976 0.810236255871132 1
0.14883318147622 0.13109930488281 -1
0.0329966368153691 0.567089614225551 -1
0.404737474163994 0.552304510260001 -1
0.0553951421752572 0.902909677475691 -1
0.783239978132769 0.364273144165054 1
0.158103086752817 0.10281695984304 -1
0.393936914391816 0.238450916251168 -1
0.616270378464833 0.28186425101012 -1
0.690586127107963 0.618902171263471 1
0.464836329920217 0.670986810699105 1
0.691345814149827 0.537175566423684 -1
0.748838747385889 0.742093628505245 1
0.320414510322735 0.805190693587065 1
0.876097837463021 0.193412789376453 1
0.211876664543524 0.0744314431212842 -1
0.802988463779911 0.923009215621278 1
0.934857418294996 0.746376954717562 1
0.00561373331584036 0.0332851889543235 -1
0.081441004993394 0.227059591794387 -1
0.269921324215829 0.73674802435562 1
0.0279607181437314 0.854147569276392 -1
0.0602630560752004 0.729290217394009 -1
0.5815300475806 0.151112246559933 -1
0.771474183071405 0.597240244504064 1
0.850842599989846 0.339411447988823 1
0.598392688203603 0.170888389227912 -1
0.682705267099664 0.926880773156881 1
0.287948639597744 0.578527333913371 -1
0.229047463741153 0.69446215336211 -1
0.70108607201837 0.923341315705329 1
0.0463140208739787 0.954225207446143 1
0.0612997657153755 0.197384474100545 -1
0.86241110577248 0.739327948307618 1
