0.0242339097894728 0.73468617675826 -1
0.207119019469246 0.291924461489543 -1
0.215733549557626 0.238165419083089 -1
0.443723587784916 0.195301121566445 -1
0.134076150367036 0.682097669458017 -1
0.390657789772376 0.519657711498439 -1
0.369315771851689 0.435974111780524 -1
0.992109965998679 0.266094914171845 1
0.117638953961432 0.134806446731091 -1
0.00847116415388882 0.281796597409993 -1
0.883366814581677 0.595062788808718 1
0.301054707961157 0.55137827899307 -1
0.500629938673228 0.369105348596349 -1
0.402034473372623 0.987141511403024 1
0.977082821307704 0.0295275917742401 -1
0.491660544415936 0.127293042140082 -1
0.899299557087943 0.610730020096526 1
0.0208312345203012 0.850797636201605 -1
0.319571583531797 0.114544542273507 -1
0.112929404014722 0.891733313445002 -1
0.912912638392299 0.569948670687154 1
0.395104798255488 0.637587015051395 -1
0.381859072949737 0.291727009462193 -1
0.967499930877239 0.277643524575979 1
0.848661384778097 0.0831737346015871 -1
0.200608512153849 0.196663339855149 -1
0.972864807350561 0.757260266691446 1
0.46913355239667 0.402557773748413 -1
0.900671975454316 0.753124568611383 1
0.00442615593783557 0.938139170175418 -1
0.878250738605857 0.790953239193186 1
0.812698429916054 0.70749373594299 1
0.941969746956602 0.0721524194814265 -1
0.755005470244214 0.218490774044767 -1
0.960540493717417 0.598578794160858 1
0.721347647486255 0.0583057627081871 -1
0.572307574795559 0.0248568861279637 -1
0.178868815302849 0.328872059704736 -1
0.394777414621785 0.209240252850577 -1
0.200900783995166 0.412682700902224 -1
0.678465677658096 0.944503967650235 1
0.244050650624558 0.619863289874047 -1
0.932901744730771 0.981625986285508 1
0.996340716490522 0.386211389675736 1
0.536304417997599 0.980207204353064 1
0.588047184748575 0.927540324628353 1
0.896974557079375 0.98653565091081 1
0.239885035669431 0.808874282985926 -1
0.911238625179976 0.892874531215057 1
0.661738778930157 0.17030616896227 -1
0.143494963645935 0.211409082170576 -1
0.180420339340344 0.545411174651235 -1
0.375654146308079 0.1460193276871 -1
0.0682216554414481 0.920790053205565 -1
0.852924563456327 0.561983146471903 1
0.566752338316292 0.903267053654417 1
0.512540763244033 0.123863805783913 -1
0.15616847993806 0.585522438632324 -1
0.190745967905968 0.340426770038903 -1
0.64904799615033 0.789439569227397 1
0.834936452563852 0.474506290862337 1
0.206194571219385 0.23204896831885 -1
0.121335117146373 0.132390565238893 -1
0.641216029180214 0.0528207249008119 -1
0.998594889417291 0.951926961075515 1
0.537195734446868 0.799284781794995 1
0.371531022945419 0.274959123693407 -1
0.209413964534178 0.362629910698161 -1
0.435955316293985 0.519772121449932 -1
0.0217237812466919 0.236907881684601 -1
0.574988400563598 0.472383963409811 -1
0.230037281988189 0.173533934401348 -1
0.428171097533777 0.98624759237282 1
0.649098064051941 0.767355547053739 1
0.108027805807069 0.482473743613809 -1
0.958261957392097 0.330740093719214 1
0.419535488821566 0.401532617164776 -1
0.216901281382889 0.320813786704093 -1
0.159528559306636 0.250769271049649 -1
0.960134459193796 0.527361926389858 1
0.0956851195078343 0.788438252406195 -1
0.159180511953309 0.0682618676219136 -1
0.551436730427667 0.443232138408348 -1
0.286027112277225 0.675089760217816 -1
0.209326925687492 0.75145722925663 -1
