0.798251277999952 0.290061443578452 1
0.0827980837784708 0.401326056336984 -1
0.285691754892468 0.539105884497985 -1
0.661315981764346 0.364780191099271 -1
0.78477427130565 0.125759874703363 -1
0.77657687314786 0.394052589777857 1
0.121821508277208 0.105663053924218 -1
0.372319732559845 0.954039706848562 1
0.297771757468581 0.419914707308635 -1
0.752706347033381 0.992387489881366 1
0.499577620532364 0.570442291675135 1
0.817803536774591 0.78348924475722 1
0.30412873858586 0.904503523604944 1
0.824903801549226 0.508582720998675 1
0.893041671952233 0.0896464460529387 -1
0.0197156346403062 0.240984488278627 -1
0.25443993229419 0.805403849575669 -1
0.951945324894041 0.223567782668397 1
0.566167130135 0.592070762068033 -1
0.897581946337596 0.929119052831084 1
