0.0337143653976259 0.145535402821961 -1
0.164476457438767 0.119721284820619 -1
0.0888869463794988 0.0935635188126466 -1
0.557543509448804 0.450205319089257 1
0.711345488578436 0.545981491978191 1
0.574200843509426 0.639192247219783 1
0.451786714167066 0.421537538149908 1
0.69273017873424 0.573286357110327 1
0.845381481828392 0.9914963647407 -1
0.758271747988286 0.692796016728993 -1
0.826429855036597 0.783177797479525 -1
0.809536299748019 0.821434160136542 -1
0.760339684502249 0.463914803942703 -1
0.926024613546792 0.720263671582345 -1
0.953648555289125 0.622923222673789 -1
